1000 102838 270000
2000 105375 261156
3000 105939 247028
4000 104483 269032
5000 105364 241168
6000 103557 272032
7000 107899 290300
8000 104183 207812
9000 104628 271484
10000 106362 269428
11000 103359 286384
12000 105005 265988
13000 105753 267424
14000 105607 268408
15000 106274 266076
16000 105057 244756
17000 105389 314952
18000 108858 290548
19000 108605 279440
20000 106212 281280
21000 107041 269712
22000 106729 265644
23000 106399 281288
24000 107751 197360
25000 105946 267744
26000 106582 287700
27000 106906 238928
28000 105090 243872
29000 106511 279976
30000 107108 289328
31000 105189 266756
32000 105362 264100
33000 103049 282460
34000 106190 268992
35000 107230 255504
36000 107430 246992
37000 105268 266476
38000 106471 283128
39000 105757 265948
40000 108249 288776
41000 108787 329340
42000 107901 276600
43000 106394 281464
44000 108025 280832
45000 107835 281560
46000 107667 268216
47000 109724 245880
48000 107209 241440
49000 110150 275112
50000 107936 273736
51000 107989 268752
52000 109327 286676
53000 106855 269208
54000 108100 270772
55000 107354 278796
56000 109511 267072
57000 106423 246100
58000 109087 270364
59000 108291 284504
60000 109374 266592
61000 107934 317436
62000 108134 266768
63000 110881 268620
64000 108690 268084
65000 109719 278520
66000 110352 261136
67000 108482 269812
68000 109508 266340
69000 110303 288576
70000 109245 282864
71000 109729 292740
72000 110802 283024
73000 108574 270132
74000 108477 229012
75000 109172 241856
76000 108195 260088
77000 109382 247024
78000 108664 267600
79000 111935 288184
80000 109838 268428
81000 110678 230716
82000 109699 289040
83000 110566 227776
84000 111200 268016
85000 112986 289900
86000 108558 286100
87000 108400 277572
88000 111692 275844
89000 111037 264484
90000 113455 285616
91000 113721 261204
92000 110437 261284
93000 108773 283880
94000 109718 280388
95000 110406 281508
96000 112277 263020
97000 109138 283720
98000 110457 285512
99000 109558 259896
100000 111655 271004
1000 102838 270000
1000 102838 270000
1000 3159.66 12548
1000 3159.66 12548
2000 3105.6 11420
3000 3047.24 8892
4000 3135.56 9448
5000 3083.63 10916
6000 3121.63 12144
7000 3156.1 13080
8000 3090.12 10880
9000 3090.81 11732
10000 3065.64 10956
1000 3159.66 12548
1000 102838 270000
